94953798396 
59252495151 
84816549708 
106273095935 
74978166116 
60684773326 
86332719886 
59914771684 
52934238255 
96671093937 
106198522402 
74177672517 
80410806191 
71628669138 
60303866970 
58529402319 
104452799039 
102111392688 
59613568200 
70781657416 
3346531438836200 
60269802949 
79772312187 
66902381071 
79977260824 
72116745504 
100897337739 
104659139506 
3258588524190140 
54556460743 
1921573271379640 
96658540989 
58538076051 
72767516539 
60743177812 
106026978014 
109066613279 
97886808053 
94366755589 
110084807881 
100367051907 
61662655190 
2044721940674100 
60475737549 
50468022333 
78796872141 
267912968934167 
87984361925 
105314887801 
83625858644 
64272156777 
3803947168697950 
72319903062 
760497073555902 
51954338711 
108059145982 
63217381313 
62707946381 
74710682107 
83883827135 
99974066990 
66194675055 
97222967792 
69257263707 
83762547427 
55133998172 
75635327582 
97773584794 
65008633289 
93506602660 
105008685565 
96660673411 
89344295525 
71957621042 
97567756344 
62450201225 
96031781688 
98016443842 
103817335667 
2590074352179050 
99373151367 
99735858790 
102217005873 
73023965627 
110570623919 
87476368529 
63692640098 
95883060638 
91952242188 
98349041640 
61247234255 
66217745894 
104245404592 
111153511725 
75084567804 
101880894473 
4208555547951940 
64252650855 
72973512784 
102252720682 
59016131581 
67343406943 
59788645209 
61028914818 
92511892669 
96628802570 
105960465206 
61144530587 
95870517215 
110929462512 
75438529152 
85937375209 
59689571185 
97370044212 
77805286539 
102775394676 
58921654886 
69657944361 
81994719760 
70559180872 
62704302197 
110100447309 
3711623062 
64900498189 
93498592540 
81954806306 
69780652857 
55166677962 
86454338980 
108957973842 
92834307355 
57423917423 
82706014803 
93116315053 
60386184130 
60841829834 
61926845036 
67128090571 
85720974097 
96604992293 
111168685998 
101163439887 
73852949792 
73136144488 
99670185251 
71237946909 
64822596520 
62492451483 
73215839019 
88195768059 
52410002294 
52145961225 
79304894859 
79965040442 
102374279167 
100294941141 
99309672223 
60938604055 
60465268382 
95790199751 
76587079310 
98469378200 
77002355302 
4349305099926840 
110890507765 
3142375454 
97185999513 
72529834268 
60019049958 
98230397208 
109459515489 
20720622635 
104547864401 
92804258029 
83710837049 
16480326789 
95652230556 
102291389571 
67456134927 
79792378304 
95682437511 
58521733911 
80364666355 
108838597957 
64197893125 
75739355137 
95510675803 
106537038057 
92331583288 
74903436050 
96705551418 
68376990639 
111022136498 
93657241750 
68373334143 
61971495926 
1393803608206220 
103174026329 
92833190728 
3715972232130130 
93262606711 
97436396755 
75289461433 
100647555450 
971590142527613 
93019076475 
74801665755 
67227322498 
108790437132 
88807845963 
2044709623052710 
109039271863 
108885038125 
60645960968 
96976596662 
88478050695 
62314725831 
75644144381 
73601848106 
96781431486 
76152015807 
76287056387 
71500585376 
51393548372 
84215038873 
83335453733 
79144943430 
61935364810 
104197456431 
71686256825 
103588670481 
111269526285 
92398737898 
73858926087 
104912887226 
62983680693 
64238425351 
68553013998 
89930299944 
98718850934 
92587432425 
68176185348 
96038533056 
110865954116 
93142651452 
72506563279 
92877173239 
60603321211 
76355861085 
84509524818 
15959773107 
70413527790 
93665669835 
84084745413 
93017149325 
71996288844 
58628158853 
88000075070 
101192321015 
61526738906 
111288696400 
109243727297 
78339140494 
58940891276 
81120601602 
75596460493 
75490048389 
109454119816 
92757179961 
64651324286 
71833969515 
83418003190 
76929149387 
55125579242 
73444135759 
74450481934 
94746851271 
62790653111 
103929435958 
63099937937 
88350745995 
64861993280 
91699836881 
66093933411 
108063476782 
94166413335 
97946990645 
98078635155 
104969218776 
109635008431 
73799217491 
93905496613 
98049641137 
98121450930 
92508451525 
63164782769 
54870162347 
104171721636 
88249351530 
92145769480 
86417769763 
83544220276 
50845054819 
64545766694 
61299833509 
3205807270803840 
91663382147 
108110233800 
103708358347 
97057914757 
79361058649 
813274243284475 
96600355639 
88064996175 
70325077104 
102162138572 
107949162825 
61716890632 
78192340466 
68627535379 
98088879808 
93047951780 
24188628963 
69716163675 
111425572554 
67209127215 
69155345427 
95416292908 
63332963768 
110804209468 
2308593464653970 
56213396818 
97716009821 
92902608003 
85813596091 
97290944232 
61527914118 
77531905251 
57829728151 
100975393011 
95947763667 
65840257710 
102744396129 
75820316433 
95590804281 
109337860997 
92980309639 
96676136214 
76100352402 
74113454160 
98259411280 
86843199590 
95729548060 
98456725635 
90183932793 
97743765958 
61693197932 
92369238709 
84485479081 
85280452164 
95582751141 
58669553870 
66242580418 
496615540931063 
92459163020 
70346433170 
99270557387 
97528480688 
66441376501 
56768499014 
92719380815 
81890030787 
70805550916 
70977857438 
86631182425 
94960969048 
62402874661 
78353570848 
94282801334 
98234595769 
104799580332 
105304060137 
72422976838 
60587762868 
57237288484 
109043124757 
100181230588 
65093431179 
105218439871 
85409466993 
96025768639 
111030013520 
1094732429661950 
77253978853 
98789669320 
97314903827 
103689461465 
71670380106 
70795431236 
105568970818 
69794361146 
111431898185 
96671671823 
94046809756 
61689764907 
86045250236 
2220647400881500 
110765052556 
73967891659 
103094659369 
59188484410 
96978992190 
72072073992 
106156519414 
104157902988 
109092847322 
86387545688 
82685035353 
73660468583 
58507485067 
94843777546 
93568087418 
20385492238 
61008490974 
60309963583 
95713524887 
67146787919 
76890457809 
936420247865805 
105092550338 
58648277255 
92615095426 
72748401277 
62469325180 
88820667609 
74178401689 
55827048151 
79497842752 
92773592285 
109447637866 
111005166660 
76124999541 
111257117499 
97984671339 
104573280470 
75922807825 
65523582870 
105954402704 
66746704518 
100427637449 
70232786028 
80827097083 
96813515584 
85273415905 
76614152403 
91647803545 
110192561402 
111200209656 
60603218808 
66237448657 
89047550086 
103337596538 
105372551614 
94975024598 
85440553273 
95398140078 
87026501120 
108722429466 
95084722621 
64082908348 
3680786432674230 
98546193751 
108775120146 
62656769546 
101690339919 
62108249675 
66184170988 
105384495341 
95891506866 
71230360004 
94898536619 
110600547917 
102425192858 
85936891386 
97810934625 
85283165089 
95008704153 
78307877126 
55268704167 
52897758835 
110276813979 
109399171644 
80402670730 
96192218081 
66777015354 
62232649010 
52007426626 
66428376805 
61890454122 
74626624926 
53329006403 
61411407657 
95309198820 
98094484554 
7104025051 
79795640517 
95947752902 
56017403011 
101823855419 
75660692146 
86465554421 
62349865966 
102153822522 
3047475556652730 
74732602317 
72229566008 
59523562044 
71124387969 
10578403057 
60465970796 
778072534822990 
22917912647 
104847755164 
94512737404 
80164059677 
92230476201 
99007480126 
60055185750 
86763598055 
106040677793 
62023773157 
96677134448 
95997274038 
67005108695 
84707909528 
101148571478 
106839623323 
104696248833 
110529582104 
76625798161 
103984351402 
101879801443 
50913581947 
63134515634 
111504291322 
75991729159 
87343431828 
75778925502 
109486960294 
7914851361 
58437382525 
110722519858 
105642020066 
74026852177 
101115113672 
79362639090 
73696364181 
62783370564 
64661781218 
59925866847 
62193297063 
94146836245 
63932914579 
87980959348 
104897397401 
69877884406 
84978532136 
86312613231 
3944683814272600 
66775549415 
23319567419 
78507840143 
97893074853 
14906292669 
62656727621 
2431744345385710 
104902408475 
87626453570 
109292388215 
85240721678 
76201309526 
71050525399 
1622503883287540 
92981741701 
93952221054 
2009536539407910 
61178594548 
81772816988 
54950422228 
69578286105 
60874144602 
96614362525 
89199700550 
75974188086 
99315116061 
60494173760 
83802026653 
76681063583 
3223392565334020 
95559203002 
75958257123 
68487587352 
68537514396 
95586344444 
111494730474 
99316967185 
65945219621 
62190618067 
85995531984 
106068766356 
73013648102 
95697607358 
102685964664 
61076040285 
67789913786 
76066153897 
78688184507 
54839685090 
101286008297 
70640380976 
83303934840 
109978304039 
61935445030 
108215378550 
87741712271 
59205415141 
101901091206 
250314895668013 
76355220555 
63231087637 
111291218839 
2519703894370740 
70539633987 
87046666645 
15103251211 
80131871120 
69620526564 
87165542028 
67207290104 
99722473425 
105741273505 
110163404627 
109221892628 
85957772089 
102433589256 
88611523409 
88587847816 
77680643951 
97196867167 
103312697048 
69697675258 
77393100479 
101917430956 
100529308489 
95957919690 
105218051235 
103240128291 
111181563652 
56090042745 
94472837917 
81658004753 
110688336649 
98902126702 
107748218963 
84466220019 
108725803386 
83005306378 
69424201335 
59215701229 
4032627048450870 
79502111542 
55084471239 
67956378640 
84637698118 
101396350366 
75237851554 
104471309654 
3610428995277960 
60627555255 
60767120350 
111066056990 
102376404123 
111217081989 
60987848175 
72453953061 
95872818401 
101147513576 
76441896467 
70301760755 
72504961901 
1041956466334130 
99832102800 
99792052919 
443823502659603 
101932340055 
87863280866 
62792847759 
61084554985 
59191570536 
58519526919 
60911902765 
111450645188 
95056124552 
69170639789 
95545361215 
110952431131 
60331660211 
51061195773 
77168776749 
63472358541 
99026189020 
65240945612 
109583255276 
101343285820 
71048836034 
75492514705 
95332502493 
84869812538 
73101679469 
101889615308 
62876760779 
103060107794 
59638838042 
63159220696 
63268595772 
111145243098 
52746884924 
67568970905 
84545627239 
101412678058 
98350087168 
53665695197 
479016702713565 
99671623339 
93995259900 
75756766931 
76202185041 
54976855455 
85852068521 
100436321735 
111374625232 
69543785922 
67097971235 
81500683652 
72367592894 
98230747738 
111262742833 
64640386339 
76680216008 
72196493915 
95186694110 
104078832817 
93859803778 
86472999507 
104998518703 
109094423493 
109240428897 
93939264484 
65744707282 
84552020701 
76566046385 
72595543429 
71953694113 
86929533243 
59092195408 
106792443565 
4050225670655800 
60735849408 
80165062486 
99162576136 
79993905269 
75581905938 
61245761169 
73494639246 
106599487368 
65925018362 
61500241485 
71616985233 
69320426727 
1094746089200430 
80917262170 
97906987436 
65725416537 
103248255746 
83947402549 
111036868072 
60459044282 
110117983836 
78891500240 
89097295010 
70939222611 
67534976849 
7212439589 
98144456588 
75310079070 
61284999702 
101447556426 
96830307153 
52495249586 
68253731423 
104941648113 
84763107590 
102355198669 
84255188741 
52614801769 
1006774171737220 
1323436634813830 
215132321624269 
22890294981 
102647024987 
66488493708 
93014454424 
68416490852 
72917132538 
100080027324 
60344004833 
83715264207 
50646061703 
63228025791 
101465588653 
3592841134355980 
1393800523025030 
7885801577 
81010467903 
66653342572 
96903206361 
64258170833 
93306239475 
72295822807 
62167390711 
989181385641783 
74619963126 
93021684656 
96715893036 
108468943885 
93296314250 
59905080038 
111252302424 
53099387766 
60787698969 
61480840084 
106334206635 
106800161219 
54719067143 
73596923867 
64682510346 
73491221545 
62180637295 
100518020061 
92539096139 
100170107305 
93619018598 
84093199971 
83763928768 
65951781841 
82932086971 
64570449669 
85081569002 
76228223007 
77555742429 
96831779046 
75624942350 
101187221235 
96348407191 
93775307021 
103958312688 
82189945530 
99092093117 
96798419838 
62160113824 
105538691863 
94870591938 
461431204221899 
98134180889 
92757346579 
4366895266661140 
92736853560 
110687752821 
70957213166 
75610338108 
60485132304 
104556376819 
76915424213 
109508445767 
93282455292 
97534097537 
68886041225 
97886023241 
98872623642 
102644006925 
63604418607 
93616677078 
65605906690 
102010167779 
87728543952 
105387297392 
65548969463 
62950685975 
70998413573 
100448402733 
71096373831 
87013022283 
102154809353 
68194000491 
78634651955 
94168206237 
92196107356 
73221799921 
97712982191 
66649173518 
68667711984 
74588873603 
66203063858 
62494262830 
101948033569 
461427406810599 
320679654460168 
105457672468 
108041786809 
51183970807 
68079334770 
100404131154 
59086322387 
2466933890100070 
63089754714 
83350467494 
101815086315 
92488541406 
66867317992 
102531962692 
54975396205 
4103002454754430 
110081562342 
71586592712 
93530441170 
95089675902 
98573672237 
70359778143 
73721601646 
52467315455 
100436246841 
100035543676 
63673634730 
76077640584 
97211310759 
67479716755 
88439624449 
86043515209 
104683595610 
71818301546 
96228591166 
63547355251 
106770777977 
97196707108 
66678600626 
111175682988 
479014351277132 
98860052730 
62869283238 
95719776721 
110658815533 
62601028238 
92352898246 
96447355876 
75007632661 
83785970471 
88316257598 
78906839595 
71668619451 
75059953512 
93088853548 
63729107814 
87010736869 
81753029160 
2554895487742730 
97460254969 
2783594620396490 
77329675179 
73769835524 
64374900252 
72624208279 
77476454457 
68005004706 
62505028181 
52310555297 
65149919100 
100013368730 
98168838509 
97183025022 
62874988331 
105150849665 
102024827037 
70366829402 
93532669885 
2554897028620930 
101771664495 
61844472282 
106020343060 
83894420072 
75011125372 
71994331255 
100314660738 
58197981542 
95586080633 
62467332818 
103673766564 
98218563228 
61054733000 
70856809708 
62106247715 
60324122811 
97798376189 
67888018232 
3891898299197080 
79169332337 
85995898026 
95087247556 
66212062155 
96051452778 
105510316958 
60556622386 
98449384078 
103273497815 
100300762374 
97358965520 
102951965447 
106878658642 
105108646542 
96710285826 
50532270743 
3135435166717750 
62494133456 
60285679411 
87224447758 
111630064063 
61662131896 
84668320192 
71154826461 
73932654658 
107713428410 
62719362770 
61384125369 
95629927511 
103717220392 
66771422228 
82696794813 
62339440410 
93111429080 
105079260685 
66033639216 
88322153075 
95882790412 
102794143295 
101952749185 
52558697836 
4402071733546110 
88823384319 
104724355833 
58279800100 
51062579654 
71400235188 
110763385415 
59204219072 
73213381164 
71848890006 
69782971745 
67449788184 
71270664433 
70190009806 
93584764158 
95790764226 
95950805058 
303095997540539 
92180699363 
82876895699 
63905164103 
103780793177 
64880592604 
83270575716 
60817694493 
110865601445 
87549001454 
69973669078 
52111095710 
110506172162 
6939301132 
51675105497 
67694169348 
54921694426 
97680214412 
85541561683 
105178649317 
84262623359 
108570739132 
1939157117043960 
63253698480 
83323272750 
97284593096 
100748951727 
58298158377 
64867413182 
111330775894 
60514640573 
108778318476 
92964538385 
105354426675 
62086957288 
100924075291 
110904020531 
92796324406 
98701573402 
74471737655 
61523091709 
62466044939 
89919827731 
66660569535 
104342148585 
95948700495 
105476270599 
87116183728 
93266713673 
2414150781768960 
93045728012 
109006540288 
84778090956 
68652112694 
77392106863 
70236586293 
60379337735 
63764788300 
64107797391 
3979858307982590 
61134904045 
92555088167 
73184019314 
60617979471 
76925613784 
107872580352 
98120816176 
72548718662 
77512625797 
103099222760 
104991123681 
87471694295 
106587047783 
63440997701 
84363261941 
67702265933 
95980782099 
60534006821 
110790110932 
111528975230 
97826763157 
54977458988 
101635419761 
97179410947 
107973290082 
97789377438 
62479831304 
76308369848 
64045007370 
95861179397 
67733840754 
62871894837 
59018086495 
63716415357 
78970506588 
83476719323 
70065836804 
51502096221 
66279910572 
59625923389 
81302631152 
93500296255 
109382051732 
62868372052 
98274296961 
83382835976 
111147837096 
109139572532 
60591867351 
64717008621 
100063689452 
94733711980 
72454354945 
94175613403 
60649126207 
69949804843 
66484293085 
74450102118 
3434502578517140 
58715774262 
92295302870 
619757747046109 
100612408432 
84981210041 
98937004025 
61820843917 
68258326051 
61709381532 
61025734384 
96804045396 
110747150017 
97427517081 
76387027190 
5862263805 
74293036824 
108405932578 
86996875935 
101011153321 
75830211896 
104502651193 
426244754652932 
65535298627 
111156723466 
86813319461 
99553298811 
20610520885 
96448820464 
94371596567 
90117689145 
15953568930 
71998640075 
76157131544 
88597700550 
67446194928 
52526125112 
64043868076 
105177964069 
101135064834 
80728170381 
81491603348 
105413988380 
103399418795 
3188211745821750 
80089507691 
65187719604 
73853222752 
102149004291 
99511421495 
65607041034 
69376671916 
101573928940 